DIRS[°],DIRR[°],VELS[km/h],TEMP[°C],HR[%],PB[mBar],PREC[mm],RAD[kWh/m²,HUMCO[%]
205.61319444444445,209.11458333333334,7.796041666666682,19.988888888888894,64.87013888888889,805.9717361111121,0.03847222222222223,211.29236111111112,65.275
200.4504662004662,204.2004662004662,10.28659673659673,17.506118881118883,76.59848484848484,805.4640442890443,0.024009324009324026,197.98659673659674,80.8962703962704
225.21648216482166,226.9920049200492,9.64741697416973,17.381795817958196,64.65313653136532,804.2632226322264,0.012054120541205398,192.92619926199262,74.43357933579335
230.7,228.81190476190477,14.748809523809511,17.72071428571428,74.05,804.4664285714294,0.04333333333333331,157.36666666666667,83.16666666666667
232.661800486618,227.05839416058393,14.04768856447689,17.412165450121652,81.58150851581509,804.9099756690994,0.1844282238442823,145.1021897810219,86.8345498783455
210.5187969924812,213.3609022556391,11.714285714285717,18.17268170426066,74.97243107769424,805.2165413533838,0.003007518796992481,192.1453634085213,85.19298245614036
175.63095238095238,176.96190476190475,8.810000000000004,18.378809523809526,68.80238095238096,805.059047619048,0.02142857142857143,208.31428571428572,77.0
169.42333333333335,175.09333333333333,6.574666666666669,18.946333333333317,64.61666666666666,804.2833333333333,0.0,260.2,68.47333333333333
177.32193732193733,182.06837606837607,7.670370370370371,18.8894586894587,60.98290598290598,804.3871794871799,0.0,228.0968660968661,67.1025641025641
184.89583333333334,182.40625,7.702777777777773,19.416319444444436,69.32638888888889,803.7010416666676,0.10694444444444445,282.5451388888889,70.88194444444444
229.01736111111111,229.70833333333334,18.128819444444435,18.670486111111103,76.65625,802.667013888889,0.07291666666666664,182.13194444444446,78.55555555555556
245.71177944862154,235.21052631578948,17.437593984962415,18.081453634085207,84.40601503759399,803.9671679198004,0.027568922305764403,168.5764411027569,82.87468671679198
273.5508474576271,274.6186440677966,24.01553672316386,16.92570621468927,82.16666666666667,804.4528248587574,0.0096045197740113,125.25988700564972,85.090395480226
235.82962962962964,230.63703703703703,19.482962962962954,17.28123456790124,72.85432098765432,805.5061728395061,0.24296296296296302,168.5283950617284,78.6
191.23611111111111,200.79166666666666,13.963425925925927,18.03032407407407,66.17824074074075,805.8203703703703,0.028703703703703707,221.12037037037038,72.96296296296296
173.74125874125875,172.3962703962704,11.966899766899761,18.254079254079254,60.324009324009324,805.8710955710953,0.009790209790209791,244.5874125874126,66.72960372960372
177.74704491725768,188.50591016548464,11.702600472813245,19.06548463356974,59.12056737588652,805.8047281323875,0.0,260.0070921985816,65.31205673758865
198.32151300236407,201.21513002364065,9.222458628841608,19.150354609929074,60.945626477541374,805.0692671394796,0.0,251.31914893617022,67.22458628841608
209.3647342995169,210.0096618357488,9.710869565217392,19.203140096618352,62.628019323671495,804.9248792270529,0.014492753623188408,246.06280193236714,71.45652173913044
167.71867612293144,170.84633569739952,6.8307328605201,19.105910165484623,57.05200945626478,804.9205673758863,0.02127659574468085,235.91725768321513,69.23404255319149
192.08809523809524,192.09761904761905,7.0133333333333265,18.049047619047606,65.5047619047619,804.6907142857149,0.03857142857142857,205.03571428571428,75.37142857142857
224.42028985507247,222.6268115942029,8.778260869565216,19.04202898550725,72.30434782608695,806.2025362318841,0.008695652173913045,223.4855072463768,78.23913043478261
